0 0 5 sw
0.005 0.018 5 sw
0.005 0.027 5 sw
1.011 0.018 2 ic
1.66 0.345 3 ff
1.865 0.413 3 ff
1.665 0.569 0 mst
0.767 0.887 0 mst
0.005 1.17 1 ho
0.005 1.365 1 ho
0 1.419 1 ho
0.005 1.683 1 ho
0.005 1.663 1 ho
0.005 1.771 1 ho
0.005 1.658 1 ho
0.005 0.399 4 to
0 0.042 5 sw
0.005 0.018 5
0.005 0.018 5
0.005 0.018 5
0.005 0.018 5
0.005 0.018 5
0.005 0.023 5
0.005 0.018 5
0.005 0.013 5 sw
0.005 0.023 5 ic
1.416 0.018 2
1.392 0.203 3
1.87 0.374 3
1.948 0.394 3
1.577 0.384 3
0.708 0.394 3
0.23 0.55 5
0 0.76 1
0 1.102 1
0.005 1.258 1
0.005 1.482 1
0.005 1.512 1
0.005 0.853 1
0.005 0.096 5
0.005 0.023 5
0.005 0.018 5
0.005 0.018 5
0.005 0.018 5
0.005 0.018 5
