0 0.124308
1 0.124268
2 0.124223
3 0.124175
4 0.124125
5 0.124076
6 0.124028
7 0.12398
8 0.123933
9 0.123888
10 0.123843
11 0.123798
12 0.123755
13 0.123712
14 0.12367
15 0.123628
16 0.123587
17 0.123546
18 0.123505
19 0.123465
20 0.123424
21 0.123383
22 0.123343
23 0.123302
24 0.12326
25 0.123219
26 0.123177
27 0.123135
28 0.123092
29 0.123048
30 0.123003
31 0.122958
32 0.122912
33 0.122864
34 0.122816
35 0.122766
36 0.122715
37 0.122662
38 0.122607
39 0.122551
40 0.122493
41 0.122433
42 0.122371
43 0.122306
44 0.122239
45 0.122169
46 0.122096
47 0.122019
48 0.12194
49 0.121857
50 0.121769
51 0.121678
52 0.121582
53 0.121482
54 0.121376
55 0.121265
56 0.121148
57 0.121024
58 0.120894
59 0.120757
60 0.120611
61 0.120457
62 0.120294
63 0.120121
64 0.119938
65 0.119743
66 0.119535
67 0.119315
68 0.11908
69 0.11883
70 0.118562
71 0.118277
72 0.117972
73 0.117646
74 0.117296
75 0.116922
76 0.11652
77 0.116089
78 0.115626
79 0.115128
80 0.114592
81 0.114015
82 0.113394
83 0.112724
84 0.112002
85 0.111222
86 0.110381
87 0.109473
88 0.108493
89 0.107436
90 0.106294
91 0.105063
92 0.103737
93 0.102309
94 0.100773
95 0.0991244
96 0.0973578
97 0.0954694
98 0.0934564
99 0.0913175
100 0.0890532
101 0.0866664
102 0.0841623
103 0.081549
104 0.0788374
105 0.0760414
106 0.0731775
107 0.0702646
108 0.0673233
109 0.0643755
110 0.0614433
111 0.0585481
112 0.0557102
113 0.0529477
114 0.0502762
115 0.0477084
116 0.0452539
117 0.0429192
118 0.0407082
119 0.0386221
120 0.0366601
121 0.0348194
122 0.0330963
123 0.0314856
124 0.0299817
125 0.0285787
126 0.0272703
127 0.0260502
128 0.0249125
129 0.0238512
130 0.0228606
131 0.0219355
132 0.0210709
133 0.0202621
134 0.0195049
135 0.0187952
136 0.0181295
137 0.0175044
138 0.0169166
139 0.0163635
140 0.0158424
141 0.0153509
142 0.0148868
143 0.0144482
144 0.0140331
145 0.0136399
146 0.0132671
147 0.0129132
148 0.012577
149 0.0122572
150 0.0119526
151 0.0116624
152 0.0113856
153 0.0111212
154 0.0108686
155 0.0106269
156 0.0103955
157 0.0101737
158 0.00996105
159 0.00975688
160 0.00956074
161 0.00937215
162 0.00919068
163 0.00901593
164 0.00884752
165 0.0086851
166 0.00852835
167 0.00837696
168 0.00823065
169 0.00808916
170 0.00795223
171 0.00781964
172 0.00769117
173 0.00756661
174 0.00744578
175 0.0073285
176 0.00721461
177 0.00710393
178 0.00699634
179 0.00689168
180 0.00678983
181 0.00669067
182 0.00659408
183 0.00649995
184 0.00640817
185 0.00631866
186 0.00623132
187 0.00614607
188 0.00606282
189 0.00598149
190 0.00590202
191 0.00582433
192 0.00574836
193 0.00567405
194 0.00560134
195 0.00553016
196 0.00546048
197 0.00539223
198 0.00532538
199 0.00525987
