0 0.123994
1 0.123176
2 0.122946
3 0.122893
4 0.122882
5 0.122874
6 0.122862
7 0.122845
8 0.122823
9 0.122799
10 0.122773
11 0.122746
12 0.122717
13 0.122687
14 0.122657
15 0.122625
16 0.122592
17 0.122557
18 0.122522
19 0.122485
20 0.122447
21 0.122408
22 0.122366
23 0.122324
24 0.122279
25 0.122233
26 0.122185
27 0.122135
28 0.122083
29 0.122028
30 0.121971
31 0.121911
32 0.121849
33 0.121784
34 0.121716
35 0.121644
36 0.121569
37 0.121491
38 0.121408
39 0.121322
40 0.121231
41 0.121135
42 0.121034
43 0.120928
44 0.120816
45 0.120698
46 0.120573
47 0.120442
48 0.120303
49 0.120156
50 0.12
51 0.119835
52 0.11966
53 0.119475
54 0.119278
55 0.11907
56 0.118847
57 0.118611
58 0.11836
59 0.118092
60 0.117806
61 0.117501
62 0.117175
63 0.116827
64 0.116455
65 0.116057
66 0.11563
67 0.115172
68 0.114682
69 0.114155
70 0.11359
71 0.112982
72 0.112329
73 0.111626
74 0.11087
75 0.110056
76 0.10918
77 0.108237
78 0.107221
79 0.106128
80 0.104953
81 0.103688
82 0.10233
83 0.100873
84 0.099311
85 0.0976404
86 0.0958569
87 0.0939579
88 0.0919416
89 0.089808
90 0.087559
91 0.0851987
92 0.0827333
93 0.080172
94 0.0775262
95 0.0748102
96 0.0720403
97 0.0692346
98 0.0664126
99 0.0635944
100 0.0607999
101 0.0580482
102 0.0553567
103 0.052741
104 0.050214
105 0.0477862
106 0.0454651
107 0.0432558
108 0.0411609
109 0.0391809
110 0.0373145
111 0.0355592
112 0.0339111
113 0.0323656
114 0.0309178
115 0.0295621
116 0.0282932
117 0.0271056
118 0.0259937
119 0.0249525
120 0.0239769
121 0.0230623
122 0.0222043
123 0.0213987
124 0.0206417
125 0.0199297
126 0.0192595
127 0.0186281
128 0.0180325
129 0.0174703
130 0.016939
131 0.0164365
132 0.0159607
133 0.0155098
134 0.0150821
135 0.014676
136 0.0142901
137 0.0139229
138 0.0135734
139 0.0132403
140 0.0129225
141 0.0126192
142 0.0123293
143 0.0120521
144 0.0117868
145 0.0115327
146 0.011289
147 0.0110552
148 0.0108307
149 0.010615
150 0.0104075
151 0.0102079
152 0.0100155
153 0.00983017
154 0.00965138
155 0.00947881
156 0.00931212
157 0.00915102
158 0.00899522
159 0.00884443
160 0.00869842
161 0.00855693
162 0.00841976
163 0.00828668
164 0.00815751
165 0.00803205
166 0.00791014
167 0.00779162
168 0.00767632
169 0.00756411
170 0.00745484
171 0.0073484
172 0.00724466
173 0.0071435
174 0.00704483
175 0.00694853
176 0.00685452
177 0.00676269
178 0.00667298
179 0.00658529
180 0.00649954
181 0.00641568
182 0.00633362
183 0.00625331
184 0.00617468
185 0.00609767
186 0.00602223
187 0.0059483
188 0.00587584
189 0.0058048
190 0.00573512
191 0.00566678
192 0.00559972
193 0.00553391
194 0.00546931
195 0.00540589
196 0.00534361
197 0.00528243
198 0.00522234
199 0.00516329
