0.00000000000000E+00 0.00000000000000E+00	0
5.00000000000000E-03 1.80000000000000E-02	0
5.00000000000000E-03 2.70000000000000E-02	0
1.01100000000000E+00 1.80000000000000E-02	1
1.66000000000000E+00 3.45000000000000E-01	1
1.86500000000000E+00 4.13000000000000E-01	1
1.66500000000000E+00 5.69000000000000E-01	1
7.67000000000000E-01 8.87000000000000E-01	1
5.00000000000000E-03 1.17000000000000E+00	1
5.00000000000000E-03 1.36500000000000E+00	1
0.00000000000000E+00 1.41900000000000E+00	1
5.00000000000000E-03 1.68300000000000E+00	1
5.00000000000000E-03 1.66300000000000E+00	1
5.00000000000000E-03 1.77100000000000E+00	1
5.00000000000000E-03 1.65800000000000E+00	1
5.00000000000000E-03 3.99000000000000E-01	1
0.00000000000000E+00 4.20000000000000E-02	0
5.00000000000000E-03 1.80000000000000E-02	0
5.00000000000000E-03 1.80000000000000E-02	0
5.00000000000000E-03 1.80000000000000E-02	0
5.00000000000000E-03 1.80000000000000E-02	0
5.00000000000000E-03 1.80000000000000E-02	0
5.00000000000000E-03 2.30000000000000E-02	0
5.00000000000000E-03 1.80000000000000E-02	0
5.00000000000000E-03 1.30000000000000E-02	0
5.00000000000000E-03 2.30000000000000E-02	0
1.41600000000000E+00 1.80000000000000E-02	1
1.39200000000000E+00 2.03000000000000E-01	1
1.87000000000000E+00 3.74000000000000E-01	1
1.94800000000000E+00 3.94000000000000E-01	1
1.57700000000000E+00 3.84000000000000E-01	1
7.08000000000000E-01 3.94000000000000E-01	1
2.30000000000000E-01 5.50000000000000E-01	1
0.00000000000000E+00 7.60000000000000E-01	1
0.00000000000000E+00 1.10200000000000E+00	1
5.00000000000000E-03 1.25800000000000E+00	1
5.00000000000000E-03 1.48200000000000E+00	1
5.00000000000000E-03 1.51200000000000E+00	1
5.00000000000000E-03 8.53000000000000E-01	1
5.00000000000000E-03 9.60000000000000E-02	0
5.00000000000000E-03 2.30000000000000E-02	0
5.00000000000000E-03 1.80000000000000E-02	0
5.00000000000000E-03 1.80000000000000E-02	0
5.00000000000000E-03 1.80000000000000E-02	0
5.00000000000000E-03 1.80000000000000E-02	0